
val: [-13.316610622985039, 21.078674103015985, 74.32572975093817, -22.726700394886976, -41.24639493394196, 91.68327876018608] || erreur: 95.48170479570021 || Generations: 3562 || Execution: 38.10s
val: [-11.223956199873882, -21.291323052924, 11.193130589237569, 22.710107453370327, -41.172116779305654, -56.162299991732056] || erreur: 93.62646612780102 || Generations: 4843 || Execution: 52.74s
val: [12, 21, 84, -22, 41, -95] || erreur: 75.4299 || Generations: 250 || Execution: 2.71s
val: [13.4681, 21.1219, -35.7679, 22.7054, 40.9581, 22.1099] || erreur: 97.9066 || Generations: 3124 || Execution: 33.54s